REGISTER. ’

11111111 711. 91. 152. 170. 171, 187.
194. 199.

1111111111 108.

1111111111 122. 191.

Aduerbio, 1111 -im 133.

1111131111 184.

1111111111 115. 131. 138. 161.

Aristoteles 64. 67. 87. 81. 143.

Aristoxenus 6264. 66.

Asklepiades 111.

11111111 ihre Eigenschaften 74.

1111111113 der 1111111 159.

Augen 111 θυρίδε( 103.

Axiochos 162. 168.

Β111111113111111 169.
Β1111 50.

011111 83.
Claudianus Mamertus 140.

Danaiden 189.

111111 56. 135. 182. 192.
Definitionen 62.

1111101111139. 82. 100. 108. 148. 195.
1111111111111162. 64.

1111111111 128.

Empfindung: ihr 8111 99; ihre Ε11-
11111113 109. 133.

81111131 107.

Ennius bei Is. 53. 141. 142. 145, 163.
192. 193. 194. 197.

Epikur: von 111111 1111113111 111-
11111 47. 11111 Ausspn‘iche φωναί 50.
21111111111111111111- 51 und Aus-
1111111111111111111 111111 1111111 55.
8111111111- 48 1111Κ11111111 der
8111111111111. Wuhrnehmung 111
Κ111111111 72. 102. (111111111311111
(111 Philosophen 95. 1111311 deu
Menschen 94. Individualitut 183.
97111113111111165. 1111111187911111
172176. 11111178. 11111192. 11111111
52. 55. Furuht u. Begiorde 186. Zorn

1111111111 124.

1111111111 197. ·
1111311111 111 Welt 189.

Furuht: ihre symptome 68. 70. 90.
8111111 191.

(1111111111 111 Β11(1 (111 1111111 177.

(111111 1111 1111111. 8111111131111173.
11111311 111 (1117111111 92. Wieh-
11311111 1111111 Erhaltung (111 hebens
110. 811111111311121. 162.

81111111111 195.

(1111111191. 173.

(111111 53.

Η11111111111176. 183.

Harmonia 1. 81111.

Η11111111 103.

Η111 107.

Homer 111111. 53. 138. 170. 188188. 198.
Ηο113 zur Einbalsamierung 169.
Horen 189.

1111111111111111 umschrieben 49.193.
1111111111 95. 150. 153, 170. 193.
11111111ηά111 53.

1111110111111 122.

Ixion 191.

1111111, (1111111 -— 118. 131. 8111111

> -138, Η111111181111154. Er-

11111113 147.
Krunkheit 126.

11111111 106. 184,1.
1111111131111111111 Gut 182.

1111111311 121.
111111 91.

Macrobius 188.
Μ11111111 67.
Μ1111111111 17. 59. 129.

Μ111111113106. 147.

1111111 personificirt 177.
Nominutiv 191.

941711111151. 8.111111(11111,811111, .

81111, Τ11111111111, 7111111113.

0111111111172. 136.

 

